1:"$Sreact.fragment"
2:I[5244,[],""]
3:I[3866,[],""]
4:I[1886,["491","static/chunks/416e6ad5-d20bb266dd3d3927.js","749","static/chunks/749-8f132ea1dbcefc00.js","974","static/chunks/app/page-3e914495904b283e.js"],"Navbar"]
5:I[7578,["491","static/chunks/416e6ad5-d20bb266dd3d3927.js","749","static/chunks/749-8f132ea1dbcefc00.js","974","static/chunks/app/page-3e914495904b283e.js"],"Profile"]
6:I[7970,["491","static/chunks/416e6ad5-d20bb266dd3d3927.js","749","static/chunks/749-8f132ea1dbcefc00.js","974","static/chunks/app/page-3e914495904b283e.js"],"Image"]
14:I[195,["491","static/chunks/416e6ad5-d20bb266dd3d3927.js","749","static/chunks/749-8f132ea1dbcefc00.js","974","static/chunks/app/page-3e914495904b283e.js"],"Skills"]
15:I[7561,["491","static/chunks/416e6ad5-d20bb266dd3d3927.js","749","static/chunks/749-8f132ea1dbcefc00.js","974","static/chunks/app/page-3e914495904b283e.js"],"Contact"]
18:I[6213,[],"OutletBoundary"]
1a:I[6213,[],"MetadataBoundary"]
1c:I[6213,[],"ViewportBoundary"]
1e:I[4835,[],""]
:HL["/_next/static/css/99b046f92cab3744.css","style"]
:HL["/_next/static/css/a1da36f32396e4ae.css","style"]
7:T185d,M14.925 15.8891C14.868 16.2139 14.8041 16.5284 14.7339 16.8316C14.4336 16.7389 14.1268 16.6353 13.8149 16.5208C14.0086 16.4167 14.2025 16.3094 14.3961 16.1989C14.5747 16.0971 14.7511 15.9938 14.925 15.8891ZM15.5247 19.3496C15.6138 19.1267 15.6988 18.8946 15.7794 18.654C16.0812 18.7178 16.3758 18.7701 16.6619 18.8109C17.6935 18.9577 18.6544 18.9589 19.4619 18.7688C20.2704 18.5785 20.9971 18.1761 21.4146 17.4618C21.8332 16.7457 21.8233 15.9176 21.5843 15.1253C21.346 14.3357 20.8627 13.5119 20.2176 12.702C20.054 12.4967 19.8784 12.2902 19.6914 12.0833C19.8784 11.8764 20.054 11.6699 20.2176 11.4646C20.8627 10.6547 21.346 9.83089 21.5843 9.04129C21.8233 8.24906 21.8332 7.42097 21.4146 6.70485C20.9971 5.99056 20.2704 5.58809 19.4619 5.3978C18.6544 5.20776 17.6935 5.20896 16.6619 5.35577C16.392 5.39419 16.1145 5.44296 15.8306 5.50189C15.7351 5.20534 15.6329 4.92109 15.5247 4.65039C15.1418 3.69327 14.6672 2.86839 14.1018 2.27052C13.5349 1.67106 12.8248 1.25 11.9999 1.25C11.1749 1.25 10.4649 1.67106 9.89798 2.27052C9.33257 2.86839 8.85794 3.69327 8.47509 4.65039C8.36681 4.92109 8.26469 5.20534 8.16916 5.50189C7.88523 5.44296 7.60779 5.39419 7.33785 5.35577C6.3063 5.20896 5.34536 5.20776 4.53789 5.3978C3.72936 5.58809 3.00261 5.99056 2.58512 6.70485C2.16656 7.42097 2.1764 8.24906 2.41547 9.0413C2.65375 9.83089 3.13704 10.6547 3.78219 11.4646C3.94576 11.6699 4.12137 11.8764 4.30838 12.0833C4.12137 12.2902 3.94576 12.4967 3.78219 12.7021C3.13704 13.5119 2.65375 14.3357 2.41547 15.1253C2.1764 15.9176 2.16656 16.7457 2.58512 17.4618C3.00261 18.1761 3.72936 18.5785 4.53789 18.7688C5.34536 18.9589 6.3063 18.9577 7.33786 18.8109C7.624 18.7701 7.91858 18.7178 8.22037 18.654C8.30094 18.8946 8.38593 19.1267 8.47509 19.3496C8.85794 20.3067 9.33257 21.1316 9.89798 21.7295C10.4649 22.3289 11.1749 22.75 11.9999 22.75C12.8248 22.75 13.5349 22.3289 14.1018 21.7295C14.6672 21.1316 15.1418 20.3067 15.5247 19.3496ZM16.5967 14.7928C16.5012 15.643 16.3628 16.4527 16.1867 17.2066C16.4222 17.2545 16.6513 17.2942 16.8732 17.3258C17.7947 17.457 18.5539 17.4415 19.1182 17.3087C19.6814 17.1762 19.978 16.9471 20.1196 16.7049C20.2602 16.4644 20.312 16.1013 20.1482 15.5587C19.9837 15.0134 19.6193 14.3585 19.0443 13.6367C18.9159 13.4755 18.7782 13.3125 18.6317 13.1483C18.0246 13.7069 17.3421 14.2597 16.5967 14.7928ZM16.7376 12.8019C17.0322 12.5632 17.3113 12.3231 17.5737 12.0833C17.3127 11.8448 17.0352 11.606 16.7423 11.3686C16.7473 11.5776 16.7499 11.7882 16.7499 12C16.7499 12.2695 16.7457 12.5369 16.7376 12.8019ZM15.2499 12C15.2499 11.3902 15.2274 10.7952 15.1847 10.2199C14.7007 9.89431 14.1892 9.57646 13.653 9.27071C13.0983 8.95433 12.5452 8.66686 11.9999 8.4088C11.4545 8.66686 10.9015 8.95433 10.3467 9.27071C9.8106 9.57646 9.29902 9.89431 8.81506 10.2199C8.77236 10.7952 8.74988 11.3902 8.74988 12C8.74988 12.6722 8.77719 13.3263 8.82878 13.956C9.30869 14.2783 9.81567 14.5931 10.3467 14.8959C10.9015 15.2123 11.4545 15.4998 11.9999 15.7578C12.5452 15.4998 13.0983 15.2123 13.653 14.8959C14.1841 14.5931 14.6911 14.2783 15.171 13.956C15.2226 13.3263 15.2499 12.6722 15.2499 12ZM14.3961 7.96771C14.2025 7.85726 14.0086 7.74993 13.8149 7.64578C14.1391 7.52689 14.4576 7.41963 14.7692 7.32413C14.8385 7.6371 14.9012 7.96168 14.9568 8.2966C14.7725 8.18544 14.5856 8.07576 14.3961 7.96771ZM9.60361 7.96771C9.79729 7.85726 9.99112 7.74993 10.1849 7.64578C9.8607 7.52689 9.54212 7.41963 9.23059 7.32413C9.16125 7.6371 9.09853 7.96168 9.043 8.29659C9.22724 8.18544 9.41416 8.07576 9.60361 7.96771ZM11.9999 6.76053C11.1889 6.40501 10.3916 6.10908 9.62483 5.87614C9.70179 5.64288 9.78291 5.41973 9.86781 5.20747C10.2088 4.35495 10.5961 3.71536 10.9878 3.30118C11.378 2.88858 11.7203 2.75 11.9999 2.75C12.2795 2.75 12.6217 2.88858 13.0119 3.30118C13.4036 3.71536 13.7909 4.35495 14.1319 5.20747C14.2168 5.41973 14.298 5.64288 14.3749 5.87614C13.6082 6.10908 12.8109 6.40501 11.9999 6.76053ZM7.38351 9.38788C7.47297 8.53153 7.60568 7.71471 7.77657 6.95268C7.55392 6.90808 7.337 6.87076 7.12651 6.84081C6.2051 6.70967 5.44582 6.7251 4.88153 6.8579C4.3183 6.99046 4.02175 7.21948 3.88014 7.46177C3.73958 7.70224 3.68775 8.06528 3.85151 8.60795C4.01607 9.15326 4.38042 9.80814 4.95543 10.53C5.08385 10.6912 5.22151 10.8541 5.36804 11.0183C5.9698 10.4646 6.64575 9.91657 7.38351 9.38788ZM7.2575 11.3686C6.96458 11.606 6.68708 11.8448 6.42607 12.0833C6.68847 12.3231 6.96754 12.5632 7.26219 12.8019C7.25402 12.5369 7.24988 12.2695 7.24988 12C7.24988 11.7882 7.25244 11.5776 7.2575 11.3686ZM7.81303 17.2066C7.63691 16.4527 7.49858 15.643 7.40309 14.7928C6.6577 14.2597 5.97512 13.7069 5.36804 13.1483C5.22151 13.3125 5.08385 13.4755 4.95543 13.6367C4.38042 14.3585 4.01607 15.0134 3.85151 15.5587C3.68775 16.1013 3.73959 16.4644 3.88014 16.7049C4.02175 16.9471 4.3183 17.1762 4.88153 17.3087C5.44582 17.4415 6.2051 17.457 7.12651 17.3258C7.34847 17.2942 7.57758 17.2545 7.81303 17.2066ZM9.26587 16.8316C9.1957 16.5284 9.13179 16.2139 9.07471 15.8891C9.24868 15.9938 9.42502 16.0971 9.60361 16.1989C9.79729 16.3094 9.99112 16.4167 10.1849 16.5208C9.87293 16.6353 9.56616 16.7389 9.26587 16.8316ZM9.67574 18.2749C10.4268 18.0444 11.2068 17.7537 11.9999 17.4061C12.7929 17.7537 13.5729 18.0444 14.324 18.2749C14.2624 18.4539 14.1983 18.6265 14.1319 18.7925C13.7909 19.6451 13.4036 20.2846 13.0119 20.6988C12.6217 21.1114 12.2795 21.25 11.9999 21.25C11.7203 21.25 11.378 21.1114 10.9878 20.6988C10.5961 20.2846 10.2088 19.6451 9.86781 18.7925C9.80141 18.6265 9.73733 18.4539 9.67574 18.2749ZM18.6317 11.0183C18.03 10.4646 17.354 9.91657 16.6162 9.38788C16.5268 8.53153 16.3941 7.71471 16.2232 6.95268C16.4458 6.90807 16.6628 6.87076 16.8732 6.84081C17.7947 6.70967 18.5539 6.7251 19.1182 6.8579C19.6814 6.99046 19.978 7.21948 20.1196 7.46177C20.2602 7.70224 20.312 8.06528 20.1482 8.60795C19.9837 9.15326 19.6193 9.80813 19.0443 10.53C18.9159 10.6912 18.7782 10.8541 18.6317 11.0183ZM11.2499 12C11.2499 11.5858 11.5857 11.25 11.9999 11.25C12.4141 11.25 12.7499 11.5858 12.7499 12C12.7499 12.4142 12.4141 12.75 11.9999 12.75C11.5857 12.75 11.2499 12.4142 11.2499 12ZM11.9999 9.75C10.7572 9.75 9.74988 10.7574 9.74988 12C9.74988 13.2426 10.7572 14.25 11.9999 14.25C13.2425 14.25 14.2499 13.2426 14.2499 12C14.2499 10.7574 13.2425 9.75 11.9999 9.75Z8:T914,M12.0572 1.75H12.0572C14.2479 1.74999 15.9686 1.74998 17.312 1.93059C18.6886 2.11568 19.7809 2.50271 20.6391 3.36091C21.4973 4.21911 21.8843 5.31137 22.0694 6.68802C22.25 8.03144 22.25 9.7521 22.25 11.9428V11.9428V12.0572V12.0572C22.25 14.2479 22.25 15.9686 22.0694 17.312C21.8843 18.6886 21.4973 19.7809 20.6391 20.6391C19.7809 21.4973 18.6886 21.8843 17.312 22.0694C15.9686 22.25 14.2479 22.25 12.0572 22.25H12.0572H11.9428H11.9428C9.7521 22.25 8.03144 22.25 6.68802 22.0694C5.31137 21.8843 4.21911 21.4973 3.36091 20.6391C2.50272 19.7809 2.11568 18.6886 1.93059 17.312C1.74998 15.9686 1.74999 14.2479 1.75 12.0572V11.9428C1.74999 9.75212 1.74998 8.03144 1.93059 6.68802C2.11568 5.31137 2.50272 4.21911 3.36091 3.36091C4.21911 2.50271 5.31137 2.11568 6.68802 1.93059C8.03143 1.74998 9.7521 1.74999 11.9428 1.75H11.9428H12.0572ZM6.8879 3.41722C5.67757 3.57994 4.95462 3.88853 4.42157 4.42157C3.88853 4.95462 3.57994 5.67757 3.41722 6.8879C3.25159 8.11979 3.25 9.73963 3.25 12C3.25 14.2604 3.25159 15.8802 3.41722 17.1121C3.57994 18.3224 3.88853 19.0454 4.42157 19.5784C4.95462 20.1115 5.67757 20.4201 6.8879 20.5828C8.1198 20.7484 9.73963 20.75 12 20.75C14.2604 20.75 15.8802 20.7484 17.1121 20.5828C18.3224 20.4201 19.0454 20.1115 19.5784 19.5784C20.1115 19.0454 20.4201 18.3224 20.5828 17.1121C20.7484 15.8802 20.75 14.2604 20.75 12C20.75 9.73963 20.7484 8.11979 20.5828 6.8879C20.4201 5.67757 20.1115 4.95462 19.5784 4.42157C19.0454 3.88853 18.3224 3.57994 17.1121 3.41722C15.8802 3.25159 14.2604 3.25 12 3.25C9.73963 3.25 8.1198 3.25159 6.8879 3.41722ZM14.25 13.2C14.25 12.123 15.123 11.25 16.2 11.25H18C18.4142 11.25 18.75 11.5858 18.75 12C18.75 12.4142 18.4142 12.75 18 12.75H16.2C15.9515 12.75 15.75 12.9515 15.75 13.2V13.8C15.75 14.0485 15.9515 14.25 16.2 14.25H16.8C17.877 14.25 18.75 15.123 18.75 16.2V16.8C18.75 17.877 17.877 18.75 16.8 18.75H15C14.5858 18.75 14.25 18.4142 14.25 18C14.25 17.5858 14.5858 17.25 15 17.25H16.8C17.0485 17.25 17.25 17.0485 17.25 16.8V16.2C17.25 15.9515 17.0485 15.75 16.8 15.75H16.2C15.123 15.75 14.25 14.877 14.25 13.8V13.2ZM8.5 11.25C8.08579 11.25 7.75 11.5858 7.75 12C7.75 12.4142 8.08579 12.75 8.5 12.75H9.75V18C9.75 18.4142 10.0858 18.75 10.5 18.75C10.9142 18.75 11.25 18.4142 11.25 18V12.75H12.5C12.9142 12.75 13.25 12.4142 13.25 12C13.25 11.5858 12.9142 11.25 12.5 11.25H8.5Z9:T663,M15.2161 4.22391C15.3396 3.82855 15.1193 3.40789 14.7239 3.28434C14.3285 3.16079 13.9079 3.38114 13.7843 3.77649L8.78434 19.7765C8.66079 20.1719 8.88114 20.5925 9.27649 20.7161C9.67185 20.8396 10.0925 20.6193 10.2161 20.2239L15.2161 4.22391ZM7.52885 7.4682C7.82256 7.76027 7.82388 8.23514 7.5318 8.52885L5.69199 10.3789C5.29034 10.7828 5.04337 11.0334 4.88753 11.2388C4.74919 11.4212 4.74983 11.4833 4.74999 11.4987L4.75 11.5L4.74999 11.5013C4.74983 11.5167 4.74919 11.5788 4.88753 11.7612C5.04337 11.9666 5.29034 12.2172 5.69199 12.6211L7.5318 14.4711C7.82388 14.7649 7.82256 15.2397 7.52885 15.5318C7.23514 15.8239 6.76027 15.8226 6.4682 15.5289L4.62838 13.6788L4.59558 13.6458C4.23701 13.2853 3.91665 12.9632 3.69256 12.6678C3.44841 12.3461 3.25 11.9703 3.25 11.5C3.25 11.0297 3.44841 10.6539 3.69256 10.3322C3.91665 10.0368 4.23701 9.71473 4.59557 9.35422L4.62839 9.32123L6.4682 7.47115C6.76027 7.17744 7.23514 7.17612 7.52885 7.4682ZM16.4711 7.4682C16.1774 7.76027 16.1761 8.23514 16.4682 8.52885L18.308 10.3789C18.7097 10.7828 18.9566 11.0334 19.1125 11.2388C19.2508 11.4212 19.2502 11.4833 19.25 11.4987L19.25 11.5L19.25 11.5013C19.2502 11.5167 19.2508 11.5788 19.1125 11.7612C18.9566 11.9666 18.7097 12.2172 18.308 12.6211L16.4682 14.4711C16.1761 14.7649 16.1774 15.2397 16.4711 15.5318C16.7649 15.8239 17.2397 15.8226 17.5318 15.5289L19.3716 13.6788L19.4044 13.6458C19.763 13.2853 20.0834 12.9632 20.3074 12.6678C20.5516 12.3461 20.75 11.9703 20.75 11.5C20.75 11.0297 20.5516 10.6539 20.3074 10.3322C20.0834 10.0368 19.763 9.71473 19.4044 9.35422L19.3716 9.32123L17.5318 7.47115C17.2397 7.17744 16.7649 7.17612 16.4711 7.4682Za:T4d8,M10.8806 4.01438C12.5665 2.32854 15.2998 2.32854 16.9856 4.01438C18.6337 5.66245 18.6706 8.31154 17.0964 10.0045C17.0798 9.98748 17.0631 9.97056 17.0463 9.95372C14.7746 7.68209 11.0916 7.68209 8.81998 9.95372L8.61306 10.1606C8.32016 10.4535 8.32016 10.9284 8.61306 11.2213C8.90595 11.5142 9.38082 11.5142 9.67372 11.2213L9.88064 11.0144C11.5665 9.32854 14.2998 9.32854 15.9856 11.0144C17.6715 12.7002 17.6715 15.4335 15.9856 17.1194L13.1194 19.9856C11.4335 21.6715 8.70023 21.6715 7.01438 19.9856C5.36632 18.3376 5.32939 15.6885 6.90359 13.9955C6.92017 14.0125 6.93689 14.0294 6.95372 14.0463C9.22535 16.3179 12.9084 16.3179 15.18 14.0463L15.3869 13.8394C15.6798 13.5465 15.6798 13.0716 15.3869 12.7787C15.0941 12.4858 14.6192 12.4858 14.3263 12.7787L14.1194 12.9856C12.4335 14.6715 9.70023 14.6715 8.01438 12.9856C6.32854 11.2998 6.32854 8.56648 8.01438 6.88064L10.8806 4.01438ZM5.99297 12.7807C4.7476 10.5645 5.06785 7.70585 6.95372 5.81998L9.81998 2.95372C12.0916 0.682092 15.7746 0.682093 18.0463 2.95372C20.3179 5.22535 20.3179 8.90839 18.0463 11.18L18.007 11.2193C19.2524 13.4355 18.9322 16.2941 17.0463 18.18L14.18 21.0463C11.9084 23.3179 8.22535 23.3179 5.95372 21.0463C3.68209 18.7746 3.68209 15.0916 5.95372 12.82L5.99297 12.7807Zb:T185d,M14.925 15.8891C14.868 16.2139 14.8041 16.5284 14.7339 16.8316C14.4336 16.7389 14.1268 16.6353 13.8149 16.5208C14.0086 16.4167 14.2025 16.3094 14.3961 16.1989C14.5747 16.0971 14.7511 15.9938 14.925 15.8891ZM15.5247 19.3496C15.6138 19.1267 15.6988 18.8946 15.7794 18.654C16.0812 18.7178 16.3758 18.7701 16.6619 18.8109C17.6935 18.9577 18.6544 18.9589 19.4619 18.7688C20.2704 18.5785 20.9971 18.1761 21.4146 17.4618C21.8332 16.7457 21.8233 15.9176 21.5843 15.1253C21.346 14.3357 20.8627 13.5119 20.2176 12.702C20.054 12.4967 19.8784 12.2902 19.6914 12.0833C19.8784 11.8764 20.054 11.6699 20.2176 11.4646C20.8627 10.6547 21.346 9.83089 21.5843 9.04129C21.8233 8.24906 21.8332 7.42097 21.4146 6.70485C20.9971 5.99056 20.2704 5.58809 19.4619 5.3978C18.6544 5.20776 17.6935 5.20896 16.6619 5.35577C16.392 5.39419 16.1145 5.44296 15.8306 5.50189C15.7351 5.20534 15.6329 4.92109 15.5247 4.65039C15.1418 3.69327 14.6672 2.86839 14.1018 2.27052C13.5349 1.67106 12.8248 1.25 11.9999 1.25C11.1749 1.25 10.4649 1.67106 9.89798 2.27052C9.33257 2.86839 8.85794 3.69327 8.47509 4.65039C8.36681 4.92109 8.26469 5.20534 8.16916 5.50189C7.88523 5.44296 7.60779 5.39419 7.33785 5.35577C6.3063 5.20896 5.34536 5.20776 4.53789 5.3978C3.72936 5.58809 3.00261 5.99056 2.58512 6.70485C2.16656 7.42097 2.1764 8.24906 2.41547 9.0413C2.65375 9.83089 3.13704 10.6547 3.78219 11.4646C3.94576 11.6699 4.12137 11.8764 4.30838 12.0833C4.12137 12.2902 3.94576 12.4967 3.78219 12.7021C3.13704 13.5119 2.65375 14.3357 2.41547 15.1253C2.1764 15.9176 2.16656 16.7457 2.58512 17.4618C3.00261 18.1761 3.72936 18.5785 4.53789 18.7688C5.34536 18.9589 6.3063 18.9577 7.33786 18.8109C7.624 18.7701 7.91858 18.7178 8.22037 18.654C8.30094 18.8946 8.38593 19.1267 8.47509 19.3496C8.85794 20.3067 9.33257 21.1316 9.89798 21.7295C10.4649 22.3289 11.1749 22.75 11.9999 22.75C12.8248 22.75 13.5349 22.3289 14.1018 21.7295C14.6672 21.1316 15.1418 20.3067 15.5247 19.3496ZM16.5967 14.7928C16.5012 15.643 16.3628 16.4527 16.1867 17.2066C16.4222 17.2545 16.6513 17.2942 16.8732 17.3258C17.7947 17.457 18.5539 17.4415 19.1182 17.3087C19.6814 17.1762 19.978 16.9471 20.1196 16.7049C20.2602 16.4644 20.312 16.1013 20.1482 15.5587C19.9837 15.0134 19.6193 14.3585 19.0443 13.6367C18.9159 13.4755 18.7782 13.3125 18.6317 13.1483C18.0246 13.7069 17.3421 14.2597 16.5967 14.7928ZM16.7376 12.8019C17.0322 12.5632 17.3113 12.3231 17.5737 12.0833C17.3127 11.8448 17.0352 11.606 16.7423 11.3686C16.7473 11.5776 16.7499 11.7882 16.7499 12C16.7499 12.2695 16.7457 12.5369 16.7376 12.8019ZM15.2499 12C15.2499 11.3902 15.2274 10.7952 15.1847 10.2199C14.7007 9.89431 14.1892 9.57646 13.653 9.27071C13.0983 8.95433 12.5452 8.66686 11.9999 8.4088C11.4545 8.66686 10.9015 8.95433 10.3467 9.27071C9.8106 9.57646 9.29902 9.89431 8.81506 10.2199C8.77236 10.7952 8.74988 11.3902 8.74988 12C8.74988 12.6722 8.77719 13.3263 8.82878 13.956C9.30869 14.2783 9.81567 14.5931 10.3467 14.8959C10.9015 15.2123 11.4545 15.4998 11.9999 15.7578C12.5452 15.4998 13.0983 15.2123 13.653 14.8959C14.1841 14.5931 14.6911 14.2783 15.171 13.956C15.2226 13.3263 15.2499 12.6722 15.2499 12ZM14.3961 7.96771C14.2025 7.85726 14.0086 7.74993 13.8149 7.64578C14.1391 7.52689 14.4576 7.41963 14.7692 7.32413C14.8385 7.6371 14.9012 7.96168 14.9568 8.2966C14.7725 8.18544 14.5856 8.07576 14.3961 7.96771ZM9.60361 7.96771C9.79729 7.85726 9.99112 7.74993 10.1849 7.64578C9.8607 7.52689 9.54212 7.41963 9.23059 7.32413C9.16125 7.6371 9.09853 7.96168 9.043 8.29659C9.22724 8.18544 9.41416 8.07576 9.60361 7.96771ZM11.9999 6.76053C11.1889 6.40501 10.3916 6.10908 9.62483 5.87614C9.70179 5.64288 9.78291 5.41973 9.86781 5.20747C10.2088 4.35495 10.5961 3.71536 10.9878 3.30118C11.378 2.88858 11.7203 2.75 11.9999 2.75C12.2795 2.75 12.6217 2.88858 13.0119 3.30118C13.4036 3.71536 13.7909 4.35495 14.1319 5.20747C14.2168 5.41973 14.298 5.64288 14.3749 5.87614C13.6082 6.10908 12.8109 6.40501 11.9999 6.76053ZM7.38351 9.38788C7.47297 8.53153 7.60568 7.71471 7.77657 6.95268C7.55392 6.90808 7.337 6.87076 7.12651 6.84081C6.2051 6.70967 5.44582 6.7251 4.88153 6.8579C4.3183 6.99046 4.02175 7.21948 3.88014 7.46177C3.73958 7.70224 3.68775 8.06528 3.85151 8.60795C4.01607 9.15326 4.38042 9.80814 4.95543 10.53C5.08385 10.6912 5.22151 10.8541 5.36804 11.0183C5.9698 10.4646 6.64575 9.91657 7.38351 9.38788ZM7.2575 11.3686C6.96458 11.606 6.68708 11.8448 6.42607 12.0833C6.68847 12.3231 6.96754 12.5632 7.26219 12.8019C7.25402 12.5369 7.24988 12.2695 7.24988 12C7.24988 11.7882 7.25244 11.5776 7.2575 11.3686ZM7.81303 17.2066C7.63691 16.4527 7.49858 15.643 7.40309 14.7928C6.6577 14.2597 5.97512 13.7069 5.36804 13.1483C5.22151 13.3125 5.08385 13.4755 4.95543 13.6367C4.38042 14.3585 4.01607 15.0134 3.85151 15.5587C3.68775 16.1013 3.73959 16.4644 3.88014 16.7049C4.02175 16.9471 4.3183 17.1762 4.88153 17.3087C5.44582 17.4415 6.2051 17.457 7.12651 17.3258C7.34847 17.2942 7.57758 17.2545 7.81303 17.2066ZM9.26587 16.8316C9.1957 16.5284 9.13179 16.2139 9.07471 15.8891C9.24868 15.9938 9.42502 16.0971 9.60361 16.1989C9.79729 16.3094 9.99112 16.4167 10.1849 16.5208C9.87293 16.6353 9.56616 16.7389 9.26587 16.8316ZM9.67574 18.2749C10.4268 18.0444 11.2068 17.7537 11.9999 17.4061C12.7929 17.7537 13.5729 18.0444 14.324 18.2749C14.2624 18.4539 14.1983 18.6265 14.1319 18.7925C13.7909 19.6451 13.4036 20.2846 13.0119 20.6988C12.6217 21.1114 12.2795 21.25 11.9999 21.25C11.7203 21.25 11.378 21.1114 10.9878 20.6988C10.5961 20.2846 10.2088 19.6451 9.86781 18.7925C9.80141 18.6265 9.73733 18.4539 9.67574 18.2749ZM18.6317 11.0183C18.03 10.4646 17.354 9.91657 16.6162 9.38788C16.5268 8.53153 16.3941 7.71471 16.2232 6.95268C16.4458 6.90807 16.6628 6.87076 16.8732 6.84081C17.7947 6.70967 18.5539 6.7251 19.1182 6.8579C19.6814 6.99046 19.978 7.21948 20.1196 7.46177C20.2602 7.70224 20.312 8.06528 20.1482 8.60795C19.9837 9.15326 19.6193 9.80813 19.0443 10.53C18.9159 10.6912 18.7782 10.8541 18.6317 11.0183ZM11.2499 12C11.2499 11.5858 11.5857 11.25 11.9999 11.25C12.4141 11.25 12.7499 11.5858 12.7499 12C12.7499 12.4142 12.4141 12.75 11.9999 12.75C11.5857 12.75 11.2499 12.4142 11.2499 12ZM11.9999 9.75C10.7572 9.75 9.74988 10.7574 9.74988 12C9.74988 13.2426 10.7572 14.25 11.9999 14.25C13.2425 14.25 14.2499 13.2426 14.2499 12C14.2499 10.7574 13.2425 9.75 11.9999 9.75Zc:T914,M12.0572 1.75H12.0572C14.2479 1.74999 15.9686 1.74998 17.312 1.93059C18.6886 2.11568 19.7809 2.50271 20.6391 3.36091C21.4973 4.21911 21.8843 5.31137 22.0694 6.68802C22.25 8.03144 22.25 9.7521 22.25 11.9428V11.9428V12.0572V12.0572C22.25 14.2479 22.25 15.9686 22.0694 17.312C21.8843 18.6886 21.4973 19.7809 20.6391 20.6391C19.7809 21.4973 18.6886 21.8843 17.312 22.0694C15.9686 22.25 14.2479 22.25 12.0572 22.25H12.0572H11.9428H11.9428C9.7521 22.25 8.03144 22.25 6.68802 22.0694C5.31137 21.8843 4.21911 21.4973 3.36091 20.6391C2.50272 19.7809 2.11568 18.6886 1.93059 17.312C1.74998 15.9686 1.74999 14.2479 1.75 12.0572V11.9428C1.74999 9.75212 1.74998 8.03144 1.93059 6.68802C2.11568 5.31137 2.50272 4.21911 3.36091 3.36091C4.21911 2.50271 5.31137 2.11568 6.68802 1.93059C8.03143 1.74998 9.7521 1.74999 11.9428 1.75H11.9428H12.0572ZM6.8879 3.41722C5.67757 3.57994 4.95462 3.88853 4.42157 4.42157C3.88853 4.95462 3.57994 5.67757 3.41722 6.8879C3.25159 8.11979 3.25 9.73963 3.25 12C3.25 14.2604 3.25159 15.8802 3.41722 17.1121C3.57994 18.3224 3.88853 19.0454 4.42157 19.5784C4.95462 20.1115 5.67757 20.4201 6.8879 20.5828C8.1198 20.7484 9.73963 20.75 12 20.75C14.2604 20.75 15.8802 20.7484 17.1121 20.5828C18.3224 20.4201 19.0454 20.1115 19.5784 19.5784C20.1115 19.0454 20.4201 18.3224 20.5828 17.1121C20.7484 15.8802 20.75 14.2604 20.75 12C20.75 9.73963 20.7484 8.11979 20.5828 6.8879C20.4201 5.67757 20.1115 4.95462 19.5784 4.42157C19.0454 3.88853 18.3224 3.57994 17.1121 3.41722C15.8802 3.25159 14.2604 3.25 12 3.25C9.73963 3.25 8.1198 3.25159 6.8879 3.41722ZM14.25 13.2C14.25 12.123 15.123 11.25 16.2 11.25H18C18.4142 11.25 18.75 11.5858 18.75 12C18.75 12.4142 18.4142 12.75 18 12.75H16.2C15.9515 12.75 15.75 12.9515 15.75 13.2V13.8C15.75 14.0485 15.9515 14.25 16.2 14.25H16.8C17.877 14.25 18.75 15.123 18.75 16.2V16.8C18.75 17.877 17.877 18.75 16.8 18.75H15C14.5858 18.75 14.25 18.4142 14.25 18C14.25 17.5858 14.5858 17.25 15 17.25H16.8C17.0485 17.25 17.25 17.0485 17.25 16.8V16.2C17.25 15.9515 17.0485 15.75 16.8 15.75H16.2C15.123 15.75 14.25 14.877 14.25 13.8V13.2ZM8.5 11.25C8.08579 11.25 7.75 11.5858 7.75 12C7.75 12.4142 8.08579 12.75 8.5 12.75H9.75V18C9.75 18.4142 10.0858 18.75 10.5 18.75C10.9142 18.75 11.25 18.4142 11.25 18V12.75H12.5C12.9142 12.75 13.25 12.4142 13.25 12C13.25 11.5858 12.9142 11.25 12.5 11.25H8.5Zd:T663,M15.2161 4.22391C15.3396 3.82855 15.1193 3.40789 14.7239 3.28434C14.3285 3.16079 13.9079 3.38114 13.7843 3.77649L8.78434 19.7765C8.66079 20.1719 8.88114 20.5925 9.27649 20.7161C9.67185 20.8396 10.0925 20.6193 10.2161 20.2239L15.2161 4.22391ZM7.52885 7.4682C7.82256 7.76027 7.82388 8.23514 7.5318 8.52885L5.69199 10.3789C5.29034 10.7828 5.04337 11.0334 4.88753 11.2388C4.74919 11.4212 4.74983 11.4833 4.74999 11.4987L4.75 11.5L4.74999 11.5013C4.74983 11.5167 4.74919 11.5788 4.88753 11.7612C5.04337 11.9666 5.29034 12.2172 5.69199 12.6211L7.5318 14.4711C7.82388 14.7649 7.82256 15.2397 7.52885 15.5318C7.23514 15.8239 6.76027 15.8226 6.4682 15.5289L4.62838 13.6788L4.59558 13.6458C4.23701 13.2853 3.91665 12.9632 3.69256 12.6678C3.44841 12.3461 3.25 11.9703 3.25 11.5C3.25 11.0297 3.44841 10.6539 3.69256 10.3322C3.91665 10.0368 4.23701 9.71473 4.59557 9.35422L4.62839 9.32123L6.4682 7.47115C6.76027 7.17744 7.23514 7.17612 7.52885 7.4682ZM16.4711 7.4682C16.1774 7.76027 16.1761 8.23514 16.4682 8.52885L18.308 10.3789C18.7097 10.7828 18.9566 11.0334 19.1125 11.2388C19.2508 11.4212 19.2502 11.4833 19.25 11.4987L19.25 11.5L19.25 11.5013C19.2502 11.5167 19.2508 11.5788 19.1125 11.7612C18.9566 11.9666 18.7097 12.2172 18.308 12.6211L16.4682 14.4711C16.1761 14.7649 16.1774 15.2397 16.4711 15.5318C16.7649 15.8239 17.2397 15.8226 17.5318 15.5289L19.3716 13.6788L19.4044 13.6458C19.763 13.2853 20.0834 12.9632 20.3074 12.6678C20.5516 12.3461 20.75 11.9703 20.75 11.5C20.75 11.0297 20.5516 10.6539 20.3074 10.3322C20.0834 10.0368 19.763 9.71473 19.4044 9.35422L19.3716 9.32123L17.5318 7.47115C17.2397 7.17744 16.7649 7.17612 16.4711 7.4682Ze:T4d8,M10.8806 4.01438C12.5665 2.32854 15.2998 2.32854 16.9856 4.01438C18.6337 5.66245 18.6706 8.31154 17.0964 10.0045C17.0798 9.98748 17.0631 9.97056 17.0463 9.95372C14.7746 7.68209 11.0916 7.68209 8.81998 9.95372L8.61306 10.1606C8.32016 10.4535 8.32016 10.9284 8.61306 11.2213C8.90595 11.5142 9.38082 11.5142 9.67372 11.2213L9.88064 11.0144C11.5665 9.32854 14.2998 9.32854 15.9856 11.0144C17.6715 12.7002 17.6715 15.4335 15.9856 17.1194L13.1194 19.9856C11.4335 21.6715 8.70023 21.6715 7.01438 19.9856C5.36632 18.3376 5.32939 15.6885 6.90359 13.9955C6.92017 14.0125 6.93689 14.0294 6.95372 14.0463C9.22535 16.3179 12.9084 16.3179 15.18 14.0463L15.3869 13.8394C15.6798 13.5465 15.6798 13.0716 15.3869 12.7787C15.0941 12.4858 14.6192 12.4858 14.3263 12.7787L14.1194 12.9856C12.4335 14.6715 9.70023 14.6715 8.01438 12.9856C6.32854 11.2998 6.32854 8.56648 8.01438 6.88064L10.8806 4.01438ZM5.99297 12.7807C4.7476 10.5645 5.06785 7.70585 6.95372 5.81998L9.81998 2.95372C12.0916 0.682092 15.7746 0.682093 18.0463 2.95372C20.3179 5.22535 20.3179 8.90839 18.0463 11.18L18.007 11.2193C19.2524 13.4355 18.9322 16.2941 17.0463 18.18L14.18 21.0463C11.9084 23.3179 8.22535 23.3179 5.95372 21.0463C3.68209 18.7746 3.68209 15.0916 5.95372 12.82L5.99297 12.7807Zf:T185d,M14.925 15.8891C14.868 16.2139 14.8041 16.5284 14.7339 16.8316C14.4336 16.7389 14.1268 16.6353 13.8149 16.5208C14.0086 16.4167 14.2025 16.3094 14.3961 16.1989C14.5747 16.0971 14.7511 15.9938 14.925 15.8891ZM15.5247 19.3496C15.6138 19.1267 15.6988 18.8946 15.7794 18.654C16.0812 18.7178 16.3758 18.7701 16.6619 18.8109C17.6935 18.9577 18.6544 18.9589 19.4619 18.7688C20.2704 18.5785 20.9971 18.1761 21.4146 17.4618C21.8332 16.7457 21.8233 15.9176 21.5843 15.1253C21.346 14.3357 20.8627 13.5119 20.2176 12.702C20.054 12.4967 19.8784 12.2902 19.6914 12.0833C19.8784 11.8764 20.054 11.6699 20.2176 11.4646C20.8627 10.6547 21.346 9.83089 21.5843 9.04129C21.8233 8.24906 21.8332 7.42097 21.4146 6.70485C20.9971 5.99056 20.2704 5.58809 19.4619 5.3978C18.6544 5.20776 17.6935 5.20896 16.6619 5.35577C16.392 5.39419 16.1145 5.44296 15.8306 5.50189C15.7351 5.20534 15.6329 4.92109 15.5247 4.65039C15.1418 3.69327 14.6672 2.86839 14.1018 2.27052C13.5349 1.67106 12.8248 1.25 11.9999 1.25C11.1749 1.25 10.4649 1.67106 9.89798 2.27052C9.33257 2.86839 8.85794 3.69327 8.47509 4.65039C8.36681 4.92109 8.26469 5.20534 8.16916 5.50189C7.88523 5.44296 7.60779 5.39419 7.33785 5.35577C6.3063 5.20896 5.34536 5.20776 4.53789 5.3978C3.72936 5.58809 3.00261 5.99056 2.58512 6.70485C2.16656 7.42097 2.1764 8.24906 2.41547 9.0413C2.65375 9.83089 3.13704 10.6547 3.78219 11.4646C3.94576 11.6699 4.12137 11.8764 4.30838 12.0833C4.12137 12.2902 3.94576 12.4967 3.78219 12.7021C3.13704 13.5119 2.65375 14.3357 2.41547 15.1253C2.1764 15.9176 2.16656 16.7457 2.58512 17.4618C3.00261 18.1761 3.72936 18.5785 4.53789 18.7688C5.34536 18.9589 6.3063 18.9577 7.33786 18.8109C7.624 18.7701 7.91858 18.7178 8.22037 18.654C8.30094 18.8946 8.38593 19.1267 8.47509 19.3496C8.85794 20.3067 9.33257 21.1316 9.89798 21.7295C10.4649 22.3289 11.1749 22.75 11.9999 22.75C12.8248 22.75 13.5349 22.3289 14.1018 21.7295C14.6672 21.1316 15.1418 20.3067 15.5247 19.3496ZM16.5967 14.7928C16.5012 15.643 16.3628 16.4527 16.1867 17.2066C16.4222 17.2545 16.6513 17.2942 16.8732 17.3258C17.7947 17.457 18.5539 17.4415 19.1182 17.3087C19.6814 17.1762 19.978 16.9471 20.1196 16.7049C20.2602 16.4644 20.312 16.1013 20.1482 15.5587C19.9837 15.0134 19.6193 14.3585 19.0443 13.6367C18.9159 13.4755 18.7782 13.3125 18.6317 13.1483C18.0246 13.7069 17.3421 14.2597 16.5967 14.7928ZM16.7376 12.8019C17.0322 12.5632 17.3113 12.3231 17.5737 12.0833C17.3127 11.8448 17.0352 11.606 16.7423 11.3686C16.7473 11.5776 16.7499 11.7882 16.7499 12C16.7499 12.2695 16.7457 12.5369 16.7376 12.8019ZM15.2499 12C15.2499 11.3902 15.2274 10.7952 15.1847 10.2199C14.7007 9.89431 14.1892 9.57646 13.653 9.27071C13.0983 8.95433 12.5452 8.66686 11.9999 8.4088C11.4545 8.66686 10.9015 8.95433 10.3467 9.27071C9.8106 9.57646 9.29902 9.89431 8.81506 10.2199C8.77236 10.7952 8.74988 11.3902 8.74988 12C8.74988 12.6722 8.77719 13.3263 8.82878 13.956C9.30869 14.2783 9.81567 14.5931 10.3467 14.8959C10.9015 15.2123 11.4545 15.4998 11.9999 15.7578C12.5452 15.4998 13.0983 15.2123 13.653 14.8959C14.1841 14.5931 14.6911 14.2783 15.171 13.956C15.2226 13.3263 15.2499 12.6722 15.2499 12ZM14.3961 7.96771C14.2025 7.85726 14.0086 7.74993 13.8149 7.64578C14.1391 7.52689 14.4576 7.41963 14.7692 7.32413C14.8385 7.6371 14.9012 7.96168 14.9568 8.2966C14.7725 8.18544 14.5856 8.07576 14.3961 7.96771ZM9.60361 7.96771C9.79729 7.85726 9.99112 7.74993 10.1849 7.64578C9.8607 7.52689 9.54212 7.41963 9.23059 7.32413C9.16125 7.6371 9.09853 7.96168 9.043 8.29659C9.22724 8.18544 9.41416 8.07576 9.60361 7.96771ZM11.9999 6.76053C11.1889 6.40501 10.3916 6.10908 9.62483 5.87614C9.70179 5.64288 9.78291 5.41973 9.86781 5.20747C10.2088 4.35495 10.5961 3.71536 10.9878 3.30118C11.378 2.88858 11.7203 2.75 11.9999 2.75C12.2795 2.75 12.6217 2.88858 13.0119 3.30118C13.4036 3.71536 13.7909 4.35495 14.1319 5.20747C14.2168 5.41973 14.298 5.64288 14.3749 5.87614C13.6082 6.10908 12.8109 6.40501 11.9999 6.76053ZM7.38351 9.38788C7.47297 8.53153 7.60568 7.71471 7.77657 6.95268C7.55392 6.90808 7.337 6.87076 7.12651 6.84081C6.2051 6.70967 5.44582 6.7251 4.88153 6.8579C4.3183 6.99046 4.02175 7.21948 3.88014 7.46177C3.73958 7.70224 3.68775 8.06528 3.85151 8.60795C4.01607 9.15326 4.38042 9.80814 4.95543 10.53C5.08385 10.6912 5.22151 10.8541 5.36804 11.0183C5.9698 10.4646 6.64575 9.91657 7.38351 9.38788ZM7.2575 11.3686C6.96458 11.606 6.68708 11.8448 6.42607 12.0833C6.68847 12.3231 6.96754 12.5632 7.26219 12.8019C7.25402 12.5369 7.24988 12.2695 7.24988 12C7.24988 11.7882 7.25244 11.5776 7.2575 11.3686ZM7.81303 17.2066C7.63691 16.4527 7.49858 15.643 7.40309 14.7928C6.6577 14.2597 5.97512 13.7069 5.36804 13.1483C5.22151 13.3125 5.08385 13.4755 4.95543 13.6367C4.38042 14.3585 4.01607 15.0134 3.85151 15.5587C3.68775 16.1013 3.73959 16.4644 3.88014 16.7049C4.02175 16.9471 4.3183 17.1762 4.88153 17.3087C5.44582 17.4415 6.2051 17.457 7.12651 17.3258C7.34847 17.2942 7.57758 17.2545 7.81303 17.2066ZM9.26587 16.8316C9.1957 16.5284 9.13179 16.2139 9.07471 15.8891C9.24868 15.9938 9.42502 16.0971 9.60361 16.1989C9.79729 16.3094 9.99112 16.4167 10.1849 16.5208C9.87293 16.6353 9.56616 16.7389 9.26587 16.8316ZM9.67574 18.2749C10.4268 18.0444 11.2068 17.7537 11.9999 17.4061C12.7929 17.7537 13.5729 18.0444 14.324 18.2749C14.2624 18.4539 14.1983 18.6265 14.1319 18.7925C13.7909 19.6451 13.4036 20.2846 13.0119 20.6988C12.6217 21.1114 12.2795 21.25 11.9999 21.25C11.7203 21.25 11.378 21.1114 10.9878 20.6988C10.5961 20.2846 10.2088 19.6451 9.86781 18.7925C9.80141 18.6265 9.73733 18.4539 9.67574 18.2749ZM18.6317 11.0183C18.03 10.4646 17.354 9.91657 16.6162 9.38788C16.5268 8.53153 16.3941 7.71471 16.2232 6.95268C16.4458 6.90807 16.6628 6.87076 16.8732 6.84081C17.7947 6.70967 18.5539 6.7251 19.1182 6.8579C19.6814 6.99046 19.978 7.21948 20.1196 7.46177C20.2602 7.70224 20.312 8.06528 20.1482 8.60795C19.9837 9.15326 19.6193 9.80813 19.0443 10.53C18.9159 10.6912 18.7782 10.8541 18.6317 11.0183ZM11.2499 12C11.2499 11.5858 11.5857 11.25 11.9999 11.25C12.4141 11.25 12.7499 11.5858 12.7499 12C12.7499 12.4142 12.4141 12.75 11.9999 12.75C11.5857 12.75 11.2499 12.4142 11.2499 12ZM11.9999 9.75C10.7572 9.75 9.74988 10.7574 9.74988 12C9.74988 13.2426 10.7572 14.25 11.9999 14.25C13.2425 14.25 14.2499 13.2426 14.2499 12C14.2499 10.7574 13.2425 9.75 11.9999 9.75Z10:T914,M12.0572 1.75H12.0572C14.2479 1.74999 15.9686 1.74998 17.312 1.93059C18.6886 2.11568 19.7809 2.50271 20.6391 3.36091C21.4973 4.21911 21.8843 5.31137 22.0694 6.68802C22.25 8.03144 22.25 9.7521 22.25 11.9428V11.9428V12.0572V12.0572C22.25 14.2479 22.25 15.9686 22.0694 17.312C21.8843 18.6886 21.4973 19.7809 20.6391 20.6391C19.7809 21.4973 18.6886 21.8843 17.312 22.0694C15.9686 22.25 14.2479 22.25 12.0572 22.25H12.0572H11.9428H11.9428C9.7521 22.25 8.03144 22.25 6.68802 22.0694C5.31137 21.8843 4.21911 21.4973 3.36091 20.6391C2.50272 19.7809 2.11568 18.6886 1.93059 17.312C1.74998 15.9686 1.74999 14.2479 1.75 12.0572V11.9428C1.74999 9.75212 1.74998 8.03144 1.93059 6.68802C2.11568 5.31137 2.50272 4.21911 3.36091 3.36091C4.21911 2.50271 5.31137 2.11568 6.68802 1.93059C8.03143 1.74998 9.7521 1.74999 11.9428 1.75H11.9428H12.0572ZM6.8879 3.41722C5.67757 3.57994 4.95462 3.88853 4.42157 4.42157C3.88853 4.95462 3.57994 5.67757 3.41722 6.8879C3.25159 8.11979 3.25 9.73963 3.25 12C3.25 14.2604 3.25159 15.8802 3.41722 17.1121C3.57994 18.3224 3.88853 19.0454 4.42157 19.5784C4.95462 20.1115 5.67757 20.4201 6.8879 20.5828C8.1198 20.7484 9.73963 20.75 12 20.75C14.2604 20.75 15.8802 20.7484 17.1121 20.5828C18.3224 20.4201 19.0454 20.1115 19.5784 19.5784C20.1115 19.0454 20.4201 18.3224 20.5828 17.1121C20.7484 15.8802 20.75 14.2604 20.75 12C20.75 9.73963 20.7484 8.11979 20.5828 6.8879C20.4201 5.67757 20.1115 4.95462 19.5784 4.42157C19.0454 3.88853 18.3224 3.57994 17.1121 3.41722C15.8802 3.25159 14.2604 3.25 12 3.25C9.73963 3.25 8.1198 3.25159 6.8879 3.41722ZM14.25 13.2C14.25 12.123 15.123 11.25 16.2 11.25H18C18.4142 11.25 18.75 11.5858 18.75 12C18.75 12.4142 18.4142 12.75 18 12.75H16.2C15.9515 12.75 15.75 12.9515 15.75 13.2V13.8C15.75 14.0485 15.9515 14.25 16.2 14.25H16.8C17.877 14.25 18.75 15.123 18.75 16.2V16.8C18.75 17.877 17.877 18.75 16.8 18.75H15C14.5858 18.75 14.25 18.4142 14.25 18C14.25 17.5858 14.5858 17.25 15 17.25H16.8C17.0485 17.25 17.25 17.0485 17.25 16.8V16.2C17.25 15.9515 17.0485 15.75 16.8 15.75H16.2C15.123 15.75 14.25 14.877 14.25 13.8V13.2ZM8.5 11.25C8.08579 11.25 7.75 11.5858 7.75 12C7.75 12.4142 8.08579 12.75 8.5 12.75H9.75V18C9.75 18.4142 10.0858 18.75 10.5 18.75C10.9142 18.75 11.25 18.4142 11.25 18V12.75H12.5C12.9142 12.75 13.25 12.4142 13.25 12C13.25 11.5858 12.9142 11.25 12.5 11.25H8.5Z11:T663,M15.2161 4.22391C15.3396 3.82855 15.1193 3.40789 14.7239 3.28434C14.3285 3.16079 13.9079 3.38114 13.7843 3.77649L8.78434 19.7765C8.66079 20.1719 8.88114 20.5925 9.27649 20.7161C9.67185 20.8396 10.0925 20.6193 10.2161 20.2239L15.2161 4.22391ZM7.52885 7.4682C7.82256 7.76027 7.82388 8.23514 7.5318 8.52885L5.69199 10.3789C5.29034 10.7828 5.04337 11.0334 4.88753 11.2388C4.74919 11.4212 4.74983 11.4833 4.74999 11.4987L4.75 11.5L4.74999 11.5013C4.74983 11.5167 4.74919 11.5788 4.88753 11.7612C5.04337 11.9666 5.29034 12.2172 5.69199 12.6211L7.5318 14.4711C7.82388 14.7649 7.82256 15.2397 7.52885 15.5318C7.23514 15.8239 6.76027 15.8226 6.4682 15.5289L4.62838 13.6788L4.59558 13.6458C4.23701 13.2853 3.91665 12.9632 3.69256 12.6678C3.44841 12.3461 3.25 11.9703 3.25 11.5C3.25 11.0297 3.44841 10.6539 3.69256 10.3322C3.91665 10.0368 4.23701 9.71473 4.59557 9.35422L4.62839 9.32123L6.4682 7.47115C6.76027 7.17744 7.23514 7.17612 7.52885 7.4682ZM16.4711 7.4682C16.1774 7.76027 16.1761 8.23514 16.4682 8.52885L18.308 10.3789C18.7097 10.7828 18.9566 11.0334 19.1125 11.2388C19.2508 11.4212 19.2502 11.4833 19.25 11.4987L19.25 11.5L19.25 11.5013C19.2502 11.5167 19.2508 11.5788 19.1125 11.7612C18.9566 11.9666 18.7097 12.2172 18.308 12.6211L16.4682 14.4711C16.1761 14.7649 16.1774 15.2397 16.4711 15.5318C16.7649 15.8239 17.2397 15.8226 17.5318 15.5289L19.3716 13.6788L19.4044 13.6458C19.763 13.2853 20.0834 12.9632 20.3074 12.6678C20.5516 12.3461 20.75 11.9703 20.75 11.5C20.75 11.0297 20.5516 10.6539 20.3074 10.3322C20.0834 10.0368 19.763 9.71473 19.4044 9.35422L19.3716 9.32123L17.5318 7.47115C17.2397 7.17744 16.7649 7.17612 16.4711 7.4682Z12:T4d8,M10.8806 4.01438C12.5665 2.32854 15.2998 2.32854 16.9856 4.01438C18.6337 5.66245 18.6706 8.31154 17.0964 10.0045C17.0798 9.98748 17.0631 9.97056 17.0463 9.95372C14.7746 7.68209 11.0916 7.68209 8.81998 9.95372L8.61306 10.1606C8.32016 10.4535 8.32016 10.9284 8.61306 11.2213C8.90595 11.5142 9.38082 11.5142 9.67372 11.2213L9.88064 11.0144C11.5665 9.32854 14.2998 9.32854 15.9856 11.0144C17.6715 12.7002 17.6715 15.4335 15.9856 17.1194L13.1194 19.9856C11.4335 21.6715 8.70023 21.6715 7.01438 19.9856C5.36632 18.3376 5.32939 15.6885 6.90359 13.9955C6.92017 14.0125 6.93689 14.0294 6.95372 14.0463C9.22535 16.3179 12.9084 16.3179 15.18 14.0463L15.3869 13.8394C15.6798 13.5465 15.6798 13.0716 15.3869 12.7787C15.0941 12.4858 14.6192 12.4858 14.3263 12.7787L14.1194 12.9856C12.4335 14.6715 9.70023 14.6715 8.01438 12.9856C6.32854 11.2998 6.32854 8.56648 8.01438 6.88064L10.8806 4.01438ZM5.99297 12.7807C4.7476 10.5645 5.06785 7.70585 6.95372 5.81998L9.81998 2.95372C12.0916 0.682092 15.7746 0.682093 18.0463 2.95372C20.3179 5.22535 20.3179 8.90839 18.0463 11.18L18.007 11.2193C19.2524 13.4355 18.9322 16.2941 17.0463 18.18L14.18 21.0463C11.9084 23.3179 8.22535 23.3179 5.95372 21.0463C3.68209 18.7746 3.68209 15.0916 5.95372 12.82L5.99297 12.7807Z13:T4a0,M6.60372 8.55529C6.7256 8.71666 7.08951 9.1984 7.30624 9.47611C7.74031 10.0323 8.33342 10.7714 8.97323 11.5083C9.61627 12.2489 10.2918 12.9702 10.8919 13.5005C11.1928 13.7663 11.4571 13.9684 11.6753 14.0999C11.8804 14.2235 12.0016 14.2493 12.0016 14.2493C12.0016 14.2493 12.1192 14.2235 12.3244 14.0999C12.5425 13.9684 12.8068 13.7663 13.1078 13.5005C13.7079 12.9702 14.3834 12.2489 15.0264 11.5083C15.6662 10.7714 16.2593 10.0323 16.6934 9.47608C16.9101 9.19837 17.2735 8.7173 17.3954 8.55593C17.6411 8.22241 18.1111 8.15047 18.4446 8.3961C18.7781 8.64173 18.8494 9.11123 18.6037 9.44476L18.6018 9.4473C18.474 9.61655 18.0971 10.1156 17.8759 10.3989C17.4321 10.9677 16.8216 11.7286 16.1591 12.4917C15.4997 13.2511 14.7741 14.0298 14.101 14.6245C13.7653 14.9212 13.425 15.1879 13.0988 15.3845C12.7932 15.5687 12.4063 15.75 11.9998 15.75C11.5933 15.75 11.2064 15.5687 10.9008 15.3845C10.5747 15.1879 10.2344 14.9212 9.89869 14.6245C9.22557 14.0298 8.4999 13.2511 7.84058 12.4917C7.17803 11.7286 6.5676 10.9677 6.12372 10.399C5.90243 10.1154 5.52551 9.61637 5.39793 9.44747L5.39628 9.44528C5.15064 9.11176 5.22154 8.64179 5.55506 8.39615C5.88857 8.15053 6.35808 8.22179 6.60372 8.55529Z16:T740,M3.75781 14.5006C3.75781 19.0489 7.4551 22.7478 12.0028 22.7505C12.0011 22.7505 11.9995 22.7505 11.9978 22.7505H12.0078C12.0061 22.7505 12.0045 22.7505 12.0028 22.7505C16.5505 22.7478 20.2478 19.0489 20.2478 14.5006V14.5005C20.2478 13.4405 20.2478 11.2405 18.0878 8.53055C17.8978 8.29055 17.5678 8.19056 17.2678 8.29056C16.9778 8.38056 16.7678 8.66055 16.7578 8.97055C16.7478 9.37055 16.5778 10.3005 16.1678 10.6205C16.0678 10.7005 15.9178 10.7805 15.5978 10.7105C14.9178 10.5705 14.8078 10.0606 14.7578 8.25055L14.7577 8.24659C14.6977 6.00694 14.6156 2.93959 10.8078 1.31055C10.5678 1.21055 10.3078 1.23055 10.0978 1.37055C9.88784 1.51055 9.75781 1.75055 9.75781 2.00055C9.75781 4.11055 8.54783 5.52054 7.14783 7.15054C5.55783 8.99054 3.75781 11.0906 3.75781 14.5006ZM8.28784 8.12055C9.51784 6.69055 10.7878 5.21054 11.1578 3.18054C13.1565 4.46966 13.2077 6.39789 13.2577 8.27667L13.2578 8.28055C13.2978 9.91055 13.3478 11.7606 15.2878 12.1706C16.1578 12.3506 16.7478 12.0606 17.0978 11.7906C17.4378 11.5306 17.6778 11.1805 17.8478 10.8105C18.7678 12.4505 18.7678 13.7305 18.7678 14.4905V14.4905C18.7678 18.2105 15.7378 21.2405 12.0178 21.2405C8.29782 21.2405 5.26782 18.2105 5.26782 14.4905C5.26782 11.6471 6.73106 9.93845 8.27711 8.13308L8.28784 8.12055ZM7.75781 15C7.75781 17.75 9.54781 19.75 12.0078 19.75C14.3478 19.75 16.2578 17.4 16.2578 14.5C16.2578 14.25 16.1378 14.02 15.9378 13.88C15.7378 13.74 15.4778 13.7 15.2478 13.79C14.3678 14.12 13.6478 14.12 13.0978 13.77C12.2478 13.24 11.8478 11.95 11.7578 10.93C11.7378 10.7 11.6078 10.48 11.4078 10.36C11.2078 10.24 10.9578 10.22 10.7378 10.3C8.94779 10.98 7.75781 13.58 7.75781 15ZM9.25781 15C9.25781 14.3 9.77778 13.06 10.4778 12.29C10.7178 13.22 11.2378 14.39 12.2878 15.05C12.9778 15.48 13.7678 15.63 14.6578 15.5C14.3378 17.08 13.2678 18.25 12.0078 18.25C10.3678 18.25 9.25781 16.94 9.25781 15Z17:T8fc,M12.0572 1.75H12.0572H11.9428H11.9428C9.7521 1.74999 8.03143 1.74998 6.68802 1.93059C5.31137 2.11568 4.21911 2.50271 3.36091 3.36091C2.50272 4.21911 2.11568 5.31137 1.93059 6.68802C1.74998 8.03144 1.74999 9.75212 1.75 11.9428V12.0572C1.74999 14.2479 1.74998 15.9686 1.93059 17.312C2.11568 18.6886 2.50272 19.7809 3.36091 20.6391C4.21911 21.4973 5.31137 21.8843 6.68802 22.0694C8.03144 22.25 9.7521 22.25 11.9428 22.25H11.9428H12.0572H12.0572C14.2479 22.25 15.9686 22.25 17.312 22.0694C18.6886 21.8843 19.7809 21.4973 20.6391 20.6391C21.4973 19.7809 21.8843 18.6886 22.0694 17.312C22.25 15.9686 22.25 14.2479 22.25 12.0572V12.0572V11.9428V11.9428C22.25 9.7521 22.25 8.03144 22.0694 6.68802C21.8843 5.31137 21.4973 4.21911 20.6391 3.36091C19.7809 2.50271 18.6886 2.11568 17.312 1.93059C15.9686 1.74998 14.2479 1.74999 12.0572 1.75ZM4.42157 4.42157C4.95462 3.88853 5.67757 3.57994 6.8879 3.41722C8.11979 3.25159 9.73963 3.25 12 3.25C14.2604 3.25 15.8802 3.25159 17.1121 3.41722C18.3224 3.57994 19.0454 3.88853 19.5784 4.42157C20.1115 4.95462 20.4201 5.67757 20.5828 6.88789C20.7484 8.11979 20.75 9.73963 20.75 12C20.75 14.2604 20.7484 15.8802 20.5828 17.1121C20.4201 18.3224 20.1115 19.0454 19.5784 19.5784C19.0454 20.1115 18.3224 20.4201 17.1121 20.5828C15.8802 20.7484 14.2604 20.75 12 20.75C9.73963 20.75 8.11979 20.7484 6.8879 20.5828C5.67757 20.4201 4.95462 20.1115 4.42157 19.5784C3.88853 19.0454 3.57994 18.3224 3.41722 17.1121C3.25159 15.8802 3.25 14.2604 3.25 12C3.25 9.73963 3.25159 8.11979 3.41722 6.8879C3.57994 5.67757 3.88853 4.95462 4.42157 4.42157ZM7.75 10C7.75 9.58579 7.41421 9.25 7 9.25C6.58579 9.25 6.25 9.58579 6.25 10L6.25 17C6.25 17.4142 6.58579 17.75 7 17.75C7.41421 17.75 7.75 17.4142 7.75 17L7.75 10ZM11 9.25C11.4141 9.25 11.7499 9.58564 11.75 9.99973C12.3767 9.52896 13.1558 9.25 14 9.25C16.0711 9.25 17.75 10.9289 17.75 13V17C17.75 17.4142 17.4142 17.75 17 17.75C16.5858 17.75 16.25 17.4142 16.25 17V13C16.25 11.7574 15.2426 10.75 14 10.75C12.7574 10.75 11.75 11.7574 11.75 13L11.75 17C11.75 17.4142 11.4142 17.75 11 17.75C10.5858 17.75 10.25 17.4142 10.25 17L10.25 10C10.25 9.58579 10.5858 9.25 11 9.25ZM8.00806 7C8.00806 7.55229 7.56034 8 7.00806 8H6.99907C6.44679 8 5.99907 7.55228 5.99907 7C5.99907 6.44771 6.44679 6 6.99907 6H7.00806C7.56034 6 8.00806 6.44771 8.00806 7Z0:{"P":null,"b":"arc5f_3txaT0gWgs4TTbd","p":"","c":["",""],"i":false,"f":[[["",{"children":["__PAGE__",{}]},"$undefined","$undefined",true],["",["$","$1","c",{"children":[[["$","link","0",{"rel":"stylesheet","href":"/_next/static/css/99b046f92cab3744.css","precedence":"next","crossOrigin":"$undefined","nonce":"$undefined"}]],["$","html",null,{"lang":"es","children":["$","body",null,{"children":["$","$L2",null,{"parallelRouterKey":"children","segmentPath":["children"],"error":"$undefined","errorStyles":"$undefined","errorScripts":"$undefined","template":["$","$L3",null,{}],"templateStyles":"$undefined","templateScripts":"$undefined","notFound":[[],[["$","title",null,{"children":"404: This page could not be found."}],["$","div",null,{"style":{"fontFamily":"system-ui,\"Segoe UI\",Roboto,Helvetica,Arial,sans-serif,\"Apple Color Emoji\",\"Segoe UI Emoji\"","height":"100vh","textAlign":"center","display":"flex","flexDirection":"column","alignItems":"center","justifyContent":"center"},"children":["$","div",null,{"children":[["$","style",null,{"dangerouslySetInnerHTML":{"__html":"body{color:#000;background:#fff;margin:0}.next-error-h1{border-right:1px solid rgba(0,0,0,.3)}@media (prefers-color-scheme:dark){body{color:#fff;background:#000}.next-error-h1{border-right:1px solid rgba(255,255,255,.3)}}"}}],["$","h1",null,{"className":"next-error-h1","style":{"display":"inline-block","margin":"0 20px 0 0","padding":"0 23px 0 0","fontSize":24,"fontWeight":500,"verticalAlign":"top","lineHeight":"49px"},"children":404}],["$","div",null,{"style":{"display":"inline-block"},"children":["$","h2",null,{"style":{"fontSize":14,"fontWeight":400,"lineHeight":"49px","margin":0},"children":"This page could not be found."}]}]]}]}]]],"forbidden":"$undefined","unauthorized":"$undefined"}]}]}]]}],{"children":["__PAGE__",["$","$1","c",{"children":[["$","div",null,{"className":"w-full min-h-svh relative","children":[["$","$L4",null,{}],["$","$L5",null,{}],["$","section",null,{"id":"projects","className":"pt-[20svh] w-full min-h-svh flex flex-col justify-center items-center px-3","children":[["$","div",null,{"className":"relative mb-4","children":[["$","h2",null,{"className":"text-2.5xl font-extrabold mb-2 text-center","children":"Mis proyectos"}],["$","p",null,{"className":"text-foreground-65 text-lg text-center","children":["Aquí encontrarás algunos de los proyectos que he desarrollado a lo largo de mi trayectoria como desarrollador. Si deseas explorar más, te invito a visitar mi perfil de"," ",["$","a",null,{"href":"https://github.com/axelestrada","target":"_blank","className":"text-accent font-semibold cursor-pointer inline-block hover:scale-105 transition-transform","children":"GitHub"}],", donde encontrarás otros repositorios con mis trabajos."]}]]}],["$","div",null,{"className":"mt-12 w-full","children":[["$","div",null,{"className":"w-full mb-12","children":[["$","div",null,{"className":"relative w-full aspect-video rounded-lg shadow-xl mb-4","children":["$","$L6",null,{"alt":"Markdown Notebook","src":"/images/markdown-notebook.webp","fill":true,"className":"rounded-lg object-cover"}]}],["$","div",null,{"className":"px-4","children":[["$","h3",null,{"className":"text-2.5xl font-medium mb-3","children":"Markdown Notebook"}],["$","div",null,{"className":"flex items-center mb-2","children":[["$","div",null,{"className":"flex flex-row items-center px-2 py-0.5 mr-2 rounded-full bg-black dark:bg-[#4a4a4a] bg-opacity-20","children":[["$","svg",null,{"ref":"$undefined","xmlns":"http://www.w3.org/2000/svg","width":14,"height":14,"viewBox":"0 0 24 24","fill":"none","color":"currentColor","className":"text-foreground","children":[["$","path","0",{"d":"$7","fill":"currentColor","fillRule":"evenodd"}]]}],["$","span",null,{"className":"ml-1","children":"React"}]]}],["$","div",null,{"className":"flex flex-row items-center px-2 py-0.5 mr-2 rounded-full bg-black dark:bg-[#4a4a4a] bg-opacity-20","children":[["$","svg",null,{"ref":"$undefined","xmlns":"http://www.w3.org/2000/svg","width":14,"height":14,"viewBox":"0 0 24 24","fill":"none","color":"currentColor","className":"text-foreground","children":[["$","path","0",{"d":"$8","fill":"currentColor","fillRule":"evenodd"}]]}],["$","span",null,{"className":"ml-1","children":"Typescript"}]]}]]}],["$","p",null,{"className":"text-lg text-foreground-65","children":"Aplicación web que permite a los usuarios crear, editar y organizar notas con soporte para formato Markdown. Incluye funciones como resaltado de sintaxis, vista previa en tiempo real y almacenamiento local."}],["$","div",null,{"className":"flex flex-row items-center mt-4","children":[["$","a",null,{"href":"https://github.com/axelestrada/todo-app","target":"_blank","className":"flex flex-row items-center px-2 py-0.5 mr-2 rounded-[4px] border border-black dark:border-[#ffffff1a] border-opacity-20 bg-black dark:bg-[#ffffff0f] bg-opacity-10 hover:scale-105 transition-transform","children":[["$","svg",null,{"ref":"$undefined","xmlns":"http://www.w3.org/2000/svg","width":20,"height":20,"viewBox":"0 0 24 24","fill":"none","color":"currentColor","className":"text-foreground","children":[["$","path","0",{"d":"$9","fill":"currentColor","fillRule":"evenodd"}]]}],["$","span",null,{"className":"ml-1","children":"Ver en Github"}]]}],["$","a",null,{"href":"https://github.com/axelestrada/todo-app","target":"_blank","className":"flex flex-row items-center px-2 py-0.5 mr-2 rounded-[4px] border border-black dark:border-[#ffffff1a] border-opacity-20 bg-black dark:bg-[#ffffff0f] bg-opacity-10 hover:scale-105 transition-transform","children":[["$","svg",null,{"ref":"$undefined","xmlns":"http://www.w3.org/2000/svg","width":20,"height":20,"viewBox":"0 0 24 24","fill":"none","color":"currentColor","className":"text-foreground","children":[["$","path","0",{"d":"$a","fill":"currentColor","fillRule":"evenodd"}]]}],["$","span",null,{"className":"ml-1","children":"Demo"}]]}]]}]]}]]}],["$","div",null,{"className":"w-full mb-12","children":[["$","div",null,{"className":"relative w-full aspect-video rounded-lg shadow-xl mb-4","children":["$","$L6",null,{"alt":"Password Generator","src":"/images/password-generator.jpg","fill":true,"className":"rounded-lg object-cover"}]}],["$","div",null,{"className":"px-4","children":[["$","h3",null,{"className":"text-2.5xl font-medium mb-3","children":"Password Generator"}],["$","div",null,{"className":"flex items-center mb-2","children":[["$","div",null,{"className":"flex flex-row items-center px-2 py-0.5 mr-2 rounded-full bg-black dark:bg-[#4a4a4a] bg-opacity-20","children":[["$","svg",null,{"ref":"$undefined","xmlns":"http://www.w3.org/2000/svg","width":14,"height":14,"viewBox":"0 0 24 24","fill":"none","color":"currentColor","className":"text-foreground","children":[["$","path","0",{"d":"$b","fill":"currentColor","fillRule":"evenodd"}]]}],["$","span",null,{"className":"ml-1","children":"React"}]]}],["$","div",null,{"className":"flex flex-row items-center px-2 py-0.5 mr-2 rounded-full bg-black dark:bg-[#4a4a4a] bg-opacity-20","children":[["$","svg",null,{"ref":"$undefined","xmlns":"http://www.w3.org/2000/svg","width":14,"height":14,"viewBox":"0 0 24 24","fill":"none","color":"currentColor","className":"text-foreground","children":[["$","path","0",{"d":"$c","fill":"currentColor","fillRule":"evenodd"}]]}],["$","span",null,{"className":"ml-1","children":"Typescript"}]]}]]}],["$","p",null,{"className":"text-lg text-foreground-65","children":"Aplicación web que permite generar contraseñas seguras y personalizadas según las preferencias del usuario. Incluye opciones para ajustar la longitud, incluir números, símbolos y letras mayúsculas/minúsculas."}],["$","div",null,{"className":"flex flex-row items-center mt-4","children":[["$","a",null,{"href":"https://github.com/axelestrada/todo-app","target":"_blank","className":"flex flex-row items-center px-2 py-0.5 mr-2 rounded-[4px] border border-black dark:border-[#ffffff1a] border-opacity-20 bg-black dark:bg-[#ffffff0f] bg-opacity-10 hover:scale-105 transition-transform","children":[["$","svg",null,{"ref":"$undefined","xmlns":"http://www.w3.org/2000/svg","width":20,"height":20,"viewBox":"0 0 24 24","fill":"none","color":"currentColor","className":"text-foreground","children":[["$","path","0",{"d":"$d","fill":"currentColor","fillRule":"evenodd"}]]}],["$","span",null,{"className":"ml-1","children":"Ver en Github"}]]}],["$","a",null,{"href":"https://github.com/axelestrada/todo-app","target":"_blank","className":"flex flex-row items-center px-2 py-0.5 mr-2 rounded-[4px] border border-black dark:border-[#ffffff1a] border-opacity-20 bg-black dark:bg-[#ffffff0f] bg-opacity-10 hover:scale-105 transition-transform","children":[["$","svg",null,{"ref":"$undefined","xmlns":"http://www.w3.org/2000/svg","width":20,"height":20,"viewBox":"0 0 24 24","fill":"none","color":"currentColor","className":"text-foreground","children":[["$","path","0",{"d":"$e","fill":"currentColor","fillRule":"evenodd"}]]}],["$","span",null,{"className":"ml-1","children":"Demo"}]]}]]}]]}]]}],["$","div",null,{"className":"w-full mb-12","children":[["$","div",null,{"className":"relative w-full aspect-video rounded-lg shadow-xl mb-4","children":["$","$L6",null,{"alt":"To-Do App","src":"/images/todo-app.jpeg","fill":true,"className":"rounded-lg object-cover"}]}],["$","div",null,{"className":"px-4","children":[["$","h3",null,{"className":"text-2.5xl font-medium mb-3","children":"To-Do App"}],["$","div",null,{"className":"flex items-center mb-2","children":[["$","div",null,{"className":"flex flex-row items-center px-2 py-0.5 mr-2 rounded-full bg-black dark:bg-[#4a4a4a] bg-opacity-20","children":[["$","svg",null,{"ref":"$undefined","xmlns":"http://www.w3.org/2000/svg","width":14,"height":14,"viewBox":"0 0 24 24","fill":"none","color":"currentColor","className":"text-foreground","children":[["$","path","0",{"d":"$f","fill":"currentColor","fillRule":"evenodd"}]]}],["$","span",null,{"className":"ml-1","children":"React"}]]}],["$","div",null,{"className":"flex flex-row items-center px-2 py-0.5 mr-2 rounded-full bg-black dark:bg-[#4a4a4a] bg-opacity-20","children":[["$","svg",null,{"ref":"$undefined","xmlns":"http://www.w3.org/2000/svg","width":14,"height":14,"viewBox":"0 0 24 24","fill":"none","color":"currentColor","className":"text-foreground","children":[["$","path","0",{"d":"$10","fill":"currentColor","fillRule":"evenodd"}]]}],["$","span",null,{"className":"ml-1","children":"Typescript"}]]}]]}],["$","p",null,{"className":"text-lg text-foreground-65","children":"Aplicación simple pero funcional para gestionar tareas. Permite agregar, editar, eliminar y marcar tareas como completadas."}],["$","div",null,{"className":"flex flex-row items-center mt-4","children":[["$","a",null,{"href":"https://github.com/axelestrada/todo-app","target":"_blank","className":"flex flex-row items-center px-2 py-0.5 mr-2 rounded-[4px] border border-black dark:border-[#ffffff1a] border-opacity-20 bg-black dark:bg-[#ffffff0f] bg-opacity-10 hover:scale-105 transition-transform","children":[["$","svg",null,{"ref":"$undefined","xmlns":"http://www.w3.org/2000/svg","width":20,"height":20,"viewBox":"0 0 24 24","fill":"none","color":"currentColor","className":"text-foreground","children":[["$","path","0",{"d":"$11","fill":"currentColor","fillRule":"evenodd"}]]}],["$","span",null,{"className":"ml-1","children":"Ver en Github"}]]}],["$","a",null,{"href":"https://github.com/axelestrada/todo-app","target":"_blank","className":"flex flex-row items-center px-2 py-0.5 mr-2 rounded-[4px] border border-black dark:border-[#ffffff1a] border-opacity-20 bg-black dark:bg-[#ffffff0f] bg-opacity-10 hover:scale-105 transition-transform","children":[["$","svg",null,{"ref":"$undefined","xmlns":"http://www.w3.org/2000/svg","width":20,"height":20,"viewBox":"0 0 24 24","fill":"none","color":"currentColor","className":"text-foreground","children":[["$","path","0",{"d":"$12","fill":"currentColor","fillRule":"evenodd"}]]}],["$","span",null,{"className":"ml-1","children":"Demo"}]]}]]}]]}]]}]]}],["$","button",null,{"className":"flex flex-row items-end gap-1 underline hover:scale-105 transition-transform","children":["Mostrar más proyectos",["$","svg",null,{"ref":"$undefined","xmlns":"http://www.w3.org/2000/svg","width":20,"height":20,"viewBox":"0 0 24 24","fill":"none","color":"currentColor","className":"text-foreground","children":[["$","path","0",{"d":"$13","fill":"currentColor"}]]}]]}]]}],["$","$L14",null,{}],["$","section",null,{"id":"about","className":"pt-[20svh] w-full min-h-svh flex flex-col justify-center px-3","children":[["$","div",null,{"children":[["$","p",null,{"className":"text-pretext","children":"Apartado personal"}],["$","h2",null,{"className":"text-2.5xl font-extrabold mb-2","children":"Conóceme mejor"}],["$","p",null,{"className":"text-foreground-65 text-lg","children":["Desarrollador ",["$","b",null,{"className":"text-accent font-semibold","children":"Frontend"}]," ","con pasión por crear experiencias digitales eficientes y atractivas. Me especializo en el desarrollo de aplicaciones web y móviles con tecnologías como"," ",["$","strong",null,{"className":"text-accent font-semibold","children":"React"}]," y"," ",["$","strong",null,{"className":"text-accent font-semibold","children":"React Native"}],", siempre buscando soluciones intuitivas y optimizadas.",["$","br",null,{}]," ",["$","br",null,{}],"Estoy comprometido con el aprendizaje continuo y la mejora constante de mis habilidades técnicas. He trabajado en proyectos personales como"," ",["$","strong",null,{"className":"text-accent font-semibold","children":"Monety"}],", una aplicación de gestión financiera, lo que me ha permitido profundizar en arquitectura de software, optimización de bases de datos y experiencia de usuario.",["$","br",null,{}],["$","br",null,{}],"Me considero una persona"," ",["$","b",null,{"className":"text-accent font-semibold","children":"creativa"}],","," ",["$","b",null,{"className":"text-accent font-semibold","children":"adaptable"}]," y con capacidad tanto para el trabajo en equipo bajo metodologías ágiles como para asumir retos de manera autónoma. Mi objetivo es seguir creciendo como desarrollador y aportar valor a través de cada proyecto en el que participe."]}]]}],["$","div",null,{"className":"w-full flex justify-center items-center mt-20","children":["$","div",null,{"className":"relative w-3/4 aspect-square rounded-xl shadow-xl","children":["$","$L6",null,{"alt":"Axel Estrada","src":"/images/profile-picture.jpg","fill":true,"className":"rounded-xl object-cover"}]}]}]]}],["$","$L15",null,{}],["$","footer",null,{"className":"mt-[20svh] mb-4 py-5 px-3 flex justify-between items-center","children":[["$","a",null,{"href":"https://github.com/axelestrada","target":"_blank","rel":"noopener noreferrer","className":"text-foreground-65 flex justify-center items-center gap-0.5 cursor-pointer hover:text-black dark:hover:text-white transition-colors","children":[["$","svg",null,{"ref":"$undefined","xmlns":"http://www.w3.org/2000/svg","width":20,"height":20,"viewBox":"0 0 24 24","fill":"none","color":"currentColor","className":"text-[#fe5546]","children":[["$","path","0",{"d":"$16","fill":"currentColor","fillRule":"evenodd"}]]}],"Hecho por Axel Estrada"]}],["$","div",null,{"className":"flex justify-center items-center gap-3","children":[["$","a",null,{"href":"https://linkedin.com/in/axelestradadev","target":"_blank","rel":"noopener noreferrer","className":"text-foreground-65 flex justify-center items-center gap-0.5 cursor-pointer hover:text-black dark:hover:text-white transition-colors","children":[["$","svg",null,{"ref":"$undefined","xmlns":"http://www.w3.org/2000/svg","width":20,"height":20,"viewBox":"0 0 24 24","fill":"none","color":"currentColor","className":"","children":[["$","path","0",{"d":"$17","fill":"currentColor","fillRule":"evenodd"}]]}],"$undefined"]}],["$","a",null,{"href":"https://github.com/axelestrada/axelestrada.github.io","target":"_blank","rel":"noopener noreferrer","className":"text-foreground-65 flex justify-center items-center gap-0.5 cursor-pointer hover:text-black dark:hover:text-white transition-colors","children":["$undefined","Código fuente"]}]]}]]}]]}],[["$","link","0",{"rel":"stylesheet","href":"/_next/static/css/a1da36f32396e4ae.css","precedence":"next","crossOrigin":"$undefined","nonce":"$undefined"}]],["$","$L18",null,{"children":"$L19"}]]}],{},null,false]},null,false],["$","$1","h",{"children":[null,["$","$1","Ke5HdMl9ZvTaJrn9rAF-7",{"children":[["$","$L1a",null,{"children":"$L1b"}],["$","$L1c",null,{"children":"$L1d"}],null]}]]}],false]],"m":"$undefined","G":["$1e","$undefined"],"s":false,"S":true}
1d:[["$","meta","0",{"name":"viewport","content":"width=device-width, initial-scale=1"}]]
1b:[["$","meta","0",{"charSet":"utf-8"}],["$","title","1",{"children":"Axel Estrada"}],["$","meta","2",{"name":"description","content":"Desarrollador Frontend especializado en React y React Native."}],["$","link","3",{"rel":"icon","href":"/favicon.ico","type":"image/x-icon","sizes":"16x16"}]]
19:null
